10
A B C D E F G H I J
0 29 20 21 16 31 100 12 4 31
29 0 15 29 28 40 72 21 29 41
20 15 0 15 14 25 81 9 27 40
21 29 15 0 4 12 92 12 25 13
16 28 14 4 0 16 94 9 20 14
31 40 25 12 16 0 95 24 36 3
100 72 81 92 94 95 0 90 101 99
12 21 9 12 9 24 90 0 15 25
4 29 27 25 20 36 101 15 0 35
31 41 40 13 14 3 99 25 35 0
A
10:00
AB 11:15 - 11:30 15
BE 10:30 - 10:40 10